{
 "cells": [
  {
   "cell_type": "code",
   "execution_count": 1,
   "metadata": {},
   "outputs": [],
   "source": [
    "# Import libraries\n",
    "import numpy as np\n",
    "import pandas as pd\n",
    "import matplotlib.pyplot as plt\n",
    "from matplotlib.colors import LogNorm"
   ]
  },
  {
   "cell_type": "markdown",
   "metadata": {},
   "source": [
    "## Global parameters"
   ]
  },
  {
   "cell_type": "code",
   "execution_count": 2,
   "metadata": {},
   "outputs": [],
   "source": [
    "# Transparency of Histograms\n",
    "transp=0.6"
   ]
  },
  {
   "cell_type": "markdown",
   "metadata": {},
   "source": [
    "## Import data:\n",
    "Using ShowJetsData_full.npz to build the CNN."
   ]
  },
  {
   "cell_type": "code",
   "execution_count": 3,
   "metadata": {},
   "outputs": [],
   "source": [
    "data= np.load('data/ShowJetsData_full.npz')"
   ]
  },
  {
   "cell_type": "code",
   "execution_count": 4,
   "metadata": {},
   "outputs": [],
   "source": [
    "data_dic={key : data[key]  for key in data.keys()}\n",
    "n_data=len(data_dic['labels'])\n",
    "# Sum all signal labels\n",
    "data_dic['labels']=np.array([[ele[0],np.sum(ele[1:])] for ele in data_dic['labels']]).astype(int)"
   ]
  },
  {
   "cell_type": "code",
   "execution_count": null,
   "metadata": {},
   "outputs": [],
   "source": [
    "# Add Absolute value of jet pull"
   ]
  },
  {
   "cell_type": "code",
   "execution_count": 33,
   "metadata": {},
   "outputs": [],
   "source": [
    "data_dic['Abs_jetpull']=np.absolute(data_dic['jetpull'])"
   ]
  },
  {
   "cell_type": "code",
   "execution_count": 34,
   "metadata": {},
   "outputs": [],
   "source": [
    "# Save picture dimensions\n",
    "grid=len(data_dic['jetImages'][0])"
   ]
  },
  {
   "cell_type": "markdown",
   "metadata": {},
   "source": [
    "## Balance and Normalize data and split into train and test"
   ]
  },
  {
   "cell_type": "markdown",
   "metadata": {},
   "source": [
    "Build list of signal and background indices, balance them, shuffle, split to train and test and combine back."
   ]
  },
  {
   "cell_type": "code",
   "execution_count": 35,
   "metadata": {},
   "outputs": [],
   "source": [
    "split=0.9"
   ]
  },
  {
   "cell_type": "code",
   "execution_count": 36,
   "metadata": {},
   "outputs": [],
   "source": [
    "np.random.seed(1)\n",
    "# split signal and background indices\n",
    "ind_sig_inb=np.argwhere(data_dic['labels'][:,1]==1)[:,0]\n",
    "ind_bkg=np.argwhere(data_dic['labels'][:,0]==1)[:,0]\n",
    "# balance data such that we have equal numbers of signal vs background\n",
    "ind_sig=np.random.choice(ind_sig_inb,len(ind_bkg))\n",
    "# shuffle indices randomly\n",
    "np.random.shuffle(ind_bkg)\n",
    "np.random.shuffle(ind_sig)\n",
    "# split into train and test indices\n",
    "cut=int(split*len(ind_bkg))\n",
    "ind_train=np.concatenate((ind_bkg[:cut],ind_sig[:cut]),axis=0)\n",
    "ind_test=np.concatenate((ind_bkg[cut:],ind_sig[cut:]),axis=0)"
   ]
  },
  {
   "cell_type": "code",
   "execution_count": 37,
   "metadata": {},
   "outputs": [
    {
     "name": "stdout",
     "output_type": "stream",
     "text": [
      "496341\n",
      "496341\n"
     ]
    }
   ],
   "source": [
    "print(len(ind_bkg))\n",
    "print(len(ind_sig))"
   ]
  },
  {
   "cell_type": "markdown",
   "metadata": {},
   "source": [
    "Build two dictionaries with train and test data."
   ]
  },
  {
   "cell_type": "code",
   "execution_count": 38,
   "metadata": {},
   "outputs": [],
   "source": [
    "data_train={}\n",
    "data_test={}\n",
    "for key in data_dic.keys():\n",
    "    sub_train=data_dic[key][ind_train]\n",
    "    sub_test=data_dic[key][ind_test]\n",
    "    if key=='jetImages':\n",
    "        minn=np.min(np.concatenate((sub_train,sub_test),axis=0))\n",
    "        maxx=np.max(np.concatenate((sub_train,sub_test),axis=0))\n",
    "        data_train[key]=(sub_train-minn)/(maxx-minn)\n",
    "        data_test[key]=(sub_test-minn)/(maxx-minn)\n",
    "    else:\n",
    "        minn=np.min(np.concatenate((sub_train,sub_test),axis=0),axis=0)\n",
    "        maxx=np.max(np.concatenate((sub_train,sub_test),axis=0),axis=0)\n",
    "        data_train[key]=(sub_train-minn)/(maxx-minn)\n",
    "        data_test[key]=(sub_test-minn)/(maxx-minn)"
   ]
  },
  {
   "cell_type": "code",
   "execution_count": 39,
   "metadata": {},
   "outputs": [
    {
     "name": "stdout",
     "output_type": "stream",
     "text": [
      "893412\n",
      "99270\n"
     ]
    }
   ],
   "source": [
    "n_train=len(data_train['jetPt'])\n",
    "print(n_train)\n",
    "n_test=len(data_test['jetPt'])\n",
    "print(n_test)"
   ]
  },
  {
   "cell_type": "markdown",
   "metadata": {},
   "source": [
    "## Correlation Matrix"
   ]
  },
  {
   "cell_type": "code",
   "execution_count": 52,
   "metadata": {},
   "outputs": [],
   "source": [
    "feat_all=[feat for feat in data_train.keys()]\n",
    "feat_all.remove('jetImages')\n",
    "feat_all.remove('labels')"
   ]
  },
  {
   "cell_type": "code",
   "execution_count": 54,
   "metadata": {},
   "outputs": [],
   "source": [
    "df_train=pd.DataFrame(data_train,columns=feat_all)\n",
    "df_test=pd.DataFrame(data_test,columns=feat_all)"
   ]
  },
  {
   "cell_type": "code",
   "execution_count": 55,
   "metadata": {},
   "outputs": [],
   "source": [
    "corrMat_train = df_train.corr()\n",
    "corrMat_test = df_test.corr()"
   ]
  },
  {
   "cell_type": "code",
   "execution_count": 56,
   "metadata": {},
   "outputs": [
    {
     "data": {
      "text/html": [
       "<div>\n",
       "<style scoped>\n",
       "    .dataframe tbody tr th:only-of-type {\n",
       "        vertical-align: middle;\n",
       "    }\n",
       "\n",
       "    .dataframe tbody tr th {\n",
       "        vertical-align: top;\n",
       "    }\n",
       "\n",
       "    .dataframe thead th {\n",
       "        text-align: right;\n",
       "    }\n",
       "</style>\n",
       "<table border=\"1\" class=\"dataframe\">\n",
       "  <thead>\n",
       "    <tr style=\"text-align: right;\">\n",
       "      <th></th>\n",
       "      <th>jetPt</th>\n",
       "      <th>jetEta</th>\n",
       "      <th>jetPhi</th>\n",
       "      <th>tau21</th>\n",
       "      <th>chMult</th>\n",
       "      <th>neutMult</th>\n",
       "      <th>phoMult</th>\n",
       "      <th>eleMult</th>\n",
       "      <th>muMult</th>\n",
       "      <th>jetpull</th>\n",
       "      <th>Abs_jetpull</th>\n",
       "    </tr>\n",
       "  </thead>\n",
       "  <tbody>\n",
       "    <tr>\n",
       "      <th>jetPt</th>\n",
       "      <td>1.000000</td>\n",
       "      <td>-0.000315</td>\n",
       "      <td>0.000424</td>\n",
       "      <td>-0.272070</td>\n",
       "      <td>0.244726</td>\n",
       "      <td>0.083034</td>\n",
       "      <td>0.360154</td>\n",
       "      <td>0.094344</td>\n",
       "      <td>0.065965</td>\n",
       "      <td>0.001271</td>\n",
       "      <td>-0.072922</td>\n",
       "    </tr>\n",
       "    <tr>\n",
       "      <th>jetEta</th>\n",
       "      <td>-0.000315</td>\n",
       "      <td>1.000000</td>\n",
       "      <td>-0.000119</td>\n",
       "      <td>0.001381</td>\n",
       "      <td>0.001300</td>\n",
       "      <td>0.000461</td>\n",
       "      <td>0.000673</td>\n",
       "      <td>0.000500</td>\n",
       "      <td>0.001587</td>\n",
       "      <td>-0.000878</td>\n",
       "      <td>0.001110</td>\n",
       "    </tr>\n",
       "    <tr>\n",
       "      <th>jetPhi</th>\n",
       "      <td>0.000424</td>\n",
       "      <td>-0.000119</td>\n",
       "      <td>1.000000</td>\n",
       "      <td>-0.001837</td>\n",
       "      <td>0.001249</td>\n",
       "      <td>-0.000585</td>\n",
       "      <td>0.000980</td>\n",
       "      <td>-0.000694</td>\n",
       "      <td>0.000875</td>\n",
       "      <td>0.000615</td>\n",
       "      <td>-0.000898</td>\n",
       "    </tr>\n",
       "    <tr>\n",
       "      <th>tau21</th>\n",
       "      <td>-0.272070</td>\n",
       "      <td>0.001381</td>\n",
       "      <td>-0.001837</td>\n",
       "      <td>1.000000</td>\n",
       "      <td>-0.071280</td>\n",
       "      <td>-0.003674</td>\n",
       "      <td>-0.119154</td>\n",
       "      <td>-0.070409</td>\n",
       "      <td>-0.093616</td>\n",
       "      <td>-0.000633</td>\n",
       "      <td>0.221334</td>\n",
       "    </tr>\n",
       "    <tr>\n",
       "      <th>chMult</th>\n",
       "      <td>0.244726</td>\n",
       "      <td>0.001300</td>\n",
       "      <td>0.001249</td>\n",
       "      <td>-0.071280</td>\n",
       "      <td>1.000000</td>\n",
       "      <td>0.341949</td>\n",
       "      <td>0.610761</td>\n",
       "      <td>0.097395</td>\n",
       "      <td>0.058689</td>\n",
       "      <td>-0.000302</td>\n",
       "      <td>-0.002654</td>\n",
       "    </tr>\n",
       "    <tr>\n",
       "      <th>neutMult</th>\n",
       "      <td>0.083034</td>\n",
       "      <td>0.000461</td>\n",
       "      <td>-0.000585</td>\n",
       "      <td>-0.003674</td>\n",
       "      <td>0.341949</td>\n",
       "      <td>1.000000</td>\n",
       "      <td>0.248898</td>\n",
       "      <td>0.030747</td>\n",
       "      <td>0.011276</td>\n",
       "      <td>0.000546</td>\n",
       "      <td>0.008398</td>\n",
       "    </tr>\n",
       "    <tr>\n",
       "      <th>phoMult</th>\n",
       "      <td>0.360154</td>\n",
       "      <td>0.000673</td>\n",
       "      <td>0.000980</td>\n",
       "      <td>-0.119154</td>\n",
       "      <td>0.610761</td>\n",
       "      <td>0.248898</td>\n",
       "      <td>1.000000</td>\n",
       "      <td>0.114634</td>\n",
       "      <td>0.045514</td>\n",
       "      <td>0.000097</td>\n",
       "      <td>-0.022895</td>\n",
       "    </tr>\n",
       "    <tr>\n",
       "      <th>eleMult</th>\n",
       "      <td>0.094344</td>\n",
       "      <td>0.000500</td>\n",
       "      <td>-0.000694</td>\n",
       "      <td>-0.070409</td>\n",
       "      <td>0.097395</td>\n",
       "      <td>0.030747</td>\n",
       "      <td>0.114634</td>\n",
       "      <td>1.000000</td>\n",
       "      <td>0.071118</td>\n",
       "      <td>-0.000456</td>\n",
       "      <td>-0.014639</td>\n",
       "    </tr>\n",
       "    <tr>\n",
       "      <th>muMult</th>\n",
       "      <td>0.065965</td>\n",
       "      <td>0.001587</td>\n",
       "      <td>0.000875</td>\n",
       "      <td>-0.093616</td>\n",
       "      <td>0.058689</td>\n",
       "      <td>0.011276</td>\n",
       "      <td>0.045514</td>\n",
       "      <td>0.071118</td>\n",
       "      <td>1.000000</td>\n",
       "      <td>0.001599</td>\n",
       "      <td>-0.016526</td>\n",
       "    </tr>\n",
       "    <tr>\n",
       "      <th>jetpull</th>\n",
       "      <td>0.001271</td>\n",
       "      <td>-0.000878</td>\n",
       "      <td>0.000615</td>\n",
       "      <td>-0.000633</td>\n",
       "      <td>-0.000302</td>\n",
       "      <td>0.000546</td>\n",
       "      <td>0.000097</td>\n",
       "      <td>-0.000456</td>\n",
       "      <td>0.001599</td>\n",
       "      <td>1.000000</td>\n",
       "      <td>0.001571</td>\n",
       "    </tr>\n",
       "    <tr>\n",
       "      <th>Abs_jetpull</th>\n",
       "      <td>-0.072922</td>\n",
       "      <td>0.001110</td>\n",
       "      <td>-0.000898</td>\n",
       "      <td>0.221334</td>\n",
       "      <td>-0.002654</td>\n",
       "      <td>0.008398</td>\n",
       "      <td>-0.022895</td>\n",
       "      <td>-0.014639</td>\n",
       "      <td>-0.016526</td>\n",
       "      <td>0.001571</td>\n",
       "      <td>1.000000</td>\n",
       "    </tr>\n",
       "  </tbody>\n",
       "</table>\n",
       "</div>"
      ],
      "text/plain": [
       "                jetPt    jetEta    jetPhi     tau21    chMult  neutMult  \\\n",
       "jetPt        1.000000 -0.000315  0.000424 -0.272070  0.244726  0.083034   \n",
       "jetEta      -0.000315  1.000000 -0.000119  0.001381  0.001300  0.000461   \n",
       "jetPhi       0.000424 -0.000119  1.000000 -0.001837  0.001249 -0.000585   \n",
       "tau21       -0.272070  0.001381 -0.001837  1.000000 -0.071280 -0.003674   \n",
       "chMult       0.244726  0.001300  0.001249 -0.071280  1.000000  0.341949   \n",
       "neutMult     0.083034  0.000461 -0.000585 -0.003674  0.341949  1.000000   \n",
       "phoMult      0.360154  0.000673  0.000980 -0.119154  0.610761  0.248898   \n",
       "eleMult      0.094344  0.000500 -0.000694 -0.070409  0.097395  0.030747   \n",
       "muMult       0.065965  0.001587  0.000875 -0.093616  0.058689  0.011276   \n",
       "jetpull      0.001271 -0.000878  0.000615 -0.000633 -0.000302  0.000546   \n",
       "Abs_jetpull -0.072922  0.001110 -0.000898  0.221334 -0.002654  0.008398   \n",
       "\n",
       "              phoMult   eleMult    muMult   jetpull  Abs_jetpull  \n",
       "jetPt        0.360154  0.094344  0.065965  0.001271    -0.072922  \n",
       "jetEta       0.000673  0.000500  0.001587 -0.000878     0.001110  \n",
       "jetPhi       0.000980 -0.000694  0.000875  0.000615    -0.000898  \n",
       "tau21       -0.119154 -0.070409 -0.093616 -0.000633     0.221334  \n",
       "chMult       0.610761  0.097395  0.058689 -0.000302    -0.002654  \n",
       "neutMult     0.248898  0.030747  0.011276  0.000546     0.008398  \n",
       "phoMult      1.000000  0.114634  0.045514  0.000097    -0.022895  \n",
       "eleMult      0.114634  1.000000  0.071118 -0.000456    -0.014639  \n",
       "muMult       0.045514  0.071118  1.000000  0.001599    -0.016526  \n",
       "jetpull      0.000097 -0.000456  0.001599  1.000000     0.001571  \n",
       "Abs_jetpull -0.022895 -0.014639 -0.016526  0.001571     1.000000  "
      ]
     },
     "execution_count": 56,
     "metadata": {},
     "output_type": "execute_result"
    }
   ],
   "source": [
    "corrMat_train"
   ]
  },
  {
   "cell_type": "code",
   "execution_count": 57,
   "metadata": {},
   "outputs": [
    {
     "data": {
      "text/html": [
       "<div>\n",
       "<style scoped>\n",
       "    .dataframe tbody tr th:only-of-type {\n",
       "        vertical-align: middle;\n",
       "    }\n",
       "\n",
       "    .dataframe tbody tr th {\n",
       "        vertical-align: top;\n",
       "    }\n",
       "\n",
       "    .dataframe thead th {\n",
       "        text-align: right;\n",
       "    }\n",
       "</style>\n",
       "<table border=\"1\" class=\"dataframe\">\n",
       "  <thead>\n",
       "    <tr style=\"text-align: right;\">\n",
       "      <th></th>\n",
       "      <th>jetPt</th>\n",
       "      <th>jetEta</th>\n",
       "      <th>jetPhi</th>\n",
       "      <th>tau21</th>\n",
       "      <th>chMult</th>\n",
       "      <th>neutMult</th>\n",
       "      <th>phoMult</th>\n",
       "      <th>eleMult</th>\n",
       "      <th>muMult</th>\n",
       "      <th>jetpull</th>\n",
       "      <th>Abs_jetpull</th>\n",
       "    </tr>\n",
       "  </thead>\n",
       "  <tbody>\n",
       "    <tr>\n",
       "      <th>jetPt</th>\n",
       "      <td>1.000000</td>\n",
       "      <td>-0.004820</td>\n",
       "      <td>-0.002523</td>\n",
       "      <td>-0.270767</td>\n",
       "      <td>0.247056</td>\n",
       "      <td>0.080084</td>\n",
       "      <td>0.364176</td>\n",
       "      <td>0.095948</td>\n",
       "      <td>0.065246</td>\n",
       "      <td>-0.003098</td>\n",
       "      <td>-0.077215</td>\n",
       "    </tr>\n",
       "    <tr>\n",
       "      <th>jetEta</th>\n",
       "      <td>-0.004820</td>\n",
       "      <td>1.000000</td>\n",
       "      <td>0.000245</td>\n",
       "      <td>0.005831</td>\n",
       "      <td>-0.003487</td>\n",
       "      <td>0.004933</td>\n",
       "      <td>-0.001782</td>\n",
       "      <td>-0.001591</td>\n",
       "      <td>0.002213</td>\n",
       "      <td>-0.000612</td>\n",
       "      <td>0.001638</td>\n",
       "    </tr>\n",
       "    <tr>\n",
       "      <th>jetPhi</th>\n",
       "      <td>-0.002523</td>\n",
       "      <td>0.000245</td>\n",
       "      <td>1.000000</td>\n",
       "      <td>-0.003357</td>\n",
       "      <td>-0.002379</td>\n",
       "      <td>-0.001154</td>\n",
       "      <td>-0.004319</td>\n",
       "      <td>-0.000267</td>\n",
       "      <td>0.000834</td>\n",
       "      <td>0.003322</td>\n",
       "      <td>0.000582</td>\n",
       "    </tr>\n",
       "    <tr>\n",
       "      <th>tau21</th>\n",
       "      <td>-0.270767</td>\n",
       "      <td>0.005831</td>\n",
       "      <td>-0.003357</td>\n",
       "      <td>1.000000</td>\n",
       "      <td>-0.070568</td>\n",
       "      <td>-0.000048</td>\n",
       "      <td>-0.121717</td>\n",
       "      <td>-0.069857</td>\n",
       "      <td>-0.090768</td>\n",
       "      <td>0.000991</td>\n",
       "      <td>0.217161</td>\n",
       "    </tr>\n",
       "    <tr>\n",
       "      <th>chMult</th>\n",
       "      <td>0.247056</td>\n",
       "      <td>-0.003487</td>\n",
       "      <td>-0.002379</td>\n",
       "      <td>-0.070568</td>\n",
       "      <td>1.000000</td>\n",
       "      <td>0.340448</td>\n",
       "      <td>0.618292</td>\n",
       "      <td>0.101123</td>\n",
       "      <td>0.061043</td>\n",
       "      <td>0.000721</td>\n",
       "      <td>-0.003927</td>\n",
       "    </tr>\n",
       "    <tr>\n",
       "      <th>neutMult</th>\n",
       "      <td>0.080084</td>\n",
       "      <td>0.004933</td>\n",
       "      <td>-0.001154</td>\n",
       "      <td>-0.000048</td>\n",
       "      <td>0.340448</td>\n",
       "      <td>1.000000</td>\n",
       "      <td>0.246401</td>\n",
       "      <td>0.028196</td>\n",
       "      <td>0.009314</td>\n",
       "      <td>0.000285</td>\n",
       "      <td>0.014087</td>\n",
       "    </tr>\n",
       "    <tr>\n",
       "      <th>phoMult</th>\n",
       "      <td>0.364176</td>\n",
       "      <td>-0.001782</td>\n",
       "      <td>-0.004319</td>\n",
       "      <td>-0.121717</td>\n",
       "      <td>0.618292</td>\n",
       "      <td>0.246401</td>\n",
       "      <td>1.000000</td>\n",
       "      <td>0.114505</td>\n",
       "      <td>0.047869</td>\n",
       "      <td>-0.003374</td>\n",
       "      <td>-0.026794</td>\n",
       "    </tr>\n",
       "    <tr>\n",
       "      <th>eleMult</th>\n",
       "      <td>0.095948</td>\n",
       "      <td>-0.001591</td>\n",
       "      <td>-0.000267</td>\n",
       "      <td>-0.069857</td>\n",
       "      <td>0.101123</td>\n",
       "      <td>0.028196</td>\n",
       "      <td>0.114505</td>\n",
       "      <td>1.000000</td>\n",
       "      <td>0.072783</td>\n",
       "      <td>0.000197</td>\n",
       "      <td>-0.018216</td>\n",
       "    </tr>\n",
       "    <tr>\n",
       "      <th>muMult</th>\n",
       "      <td>0.065246</td>\n",
       "      <td>0.002213</td>\n",
       "      <td>0.000834</td>\n",
       "      <td>-0.090768</td>\n",
       "      <td>0.061043</td>\n",
       "      <td>0.009314</td>\n",
       "      <td>0.047869</td>\n",
       "      <td>0.072783</td>\n",
       "      <td>1.000000</td>\n",
       "      <td>0.006534</td>\n",
       "      <td>-0.011460</td>\n",
       "    </tr>\n",
       "    <tr>\n",
       "      <th>jetpull</th>\n",
       "      <td>-0.003098</td>\n",
       "      <td>-0.000612</td>\n",
       "      <td>0.003322</td>\n",
       "      <td>0.000991</td>\n",
       "      <td>0.000721</td>\n",
       "      <td>0.000285</td>\n",
       "      <td>-0.003374</td>\n",
       "      <td>0.000197</td>\n",
       "      <td>0.006534</td>\n",
       "      <td>1.000000</td>\n",
       "      <td>-0.001570</td>\n",
       "    </tr>\n",
       "    <tr>\n",
       "      <th>Abs_jetpull</th>\n",
       "      <td>-0.077215</td>\n",
       "      <td>0.001638</td>\n",
       "      <td>0.000582</td>\n",
       "      <td>0.217161</td>\n",
       "      <td>-0.003927</td>\n",
       "      <td>0.014087</td>\n",
       "      <td>-0.026794</td>\n",
       "      <td>-0.018216</td>\n",
       "      <td>-0.011460</td>\n",
       "      <td>-0.001570</td>\n",
       "      <td>1.000000</td>\n",
       "    </tr>\n",
       "  </tbody>\n",
       "</table>\n",
       "</div>"
      ],
      "text/plain": [
       "                jetPt    jetEta    jetPhi     tau21    chMult  neutMult  \\\n",
       "jetPt        1.000000 -0.004820 -0.002523 -0.270767  0.247056  0.080084   \n",
       "jetEta      -0.004820  1.000000  0.000245  0.005831 -0.003487  0.004933   \n",
       "jetPhi      -0.002523  0.000245  1.000000 -0.003357 -0.002379 -0.001154   \n",
       "tau21       -0.270767  0.005831 -0.003357  1.000000 -0.070568 -0.000048   \n",
       "chMult       0.247056 -0.003487 -0.002379 -0.070568  1.000000  0.340448   \n",
       "neutMult     0.080084  0.004933 -0.001154 -0.000048  0.340448  1.000000   \n",
       "phoMult      0.364176 -0.001782 -0.004319 -0.121717  0.618292  0.246401   \n",
       "eleMult      0.095948 -0.001591 -0.000267 -0.069857  0.101123  0.028196   \n",
       "muMult       0.065246  0.002213  0.000834 -0.090768  0.061043  0.009314   \n",
       "jetpull     -0.003098 -0.000612  0.003322  0.000991  0.000721  0.000285   \n",
       "Abs_jetpull -0.077215  0.001638  0.000582  0.217161 -0.003927  0.014087   \n",
       "\n",
       "              phoMult   eleMult    muMult   jetpull  Abs_jetpull  \n",
       "jetPt        0.364176  0.095948  0.065246 -0.003098    -0.077215  \n",
       "jetEta      -0.001782 -0.001591  0.002213 -0.000612     0.001638  \n",
       "jetPhi      -0.004319 -0.000267  0.000834  0.003322     0.000582  \n",
       "tau21       -0.121717 -0.069857 -0.090768  0.000991     0.217161  \n",
       "chMult       0.618292  0.101123  0.061043  0.000721    -0.003927  \n",
       "neutMult     0.246401  0.028196  0.009314  0.000285     0.014087  \n",
       "phoMult      1.000000  0.114505  0.047869 -0.003374    -0.026794  \n",
       "eleMult      0.114505  1.000000  0.072783  0.000197    -0.018216  \n",
       "muMult       0.047869  0.072783  1.000000  0.006534    -0.011460  \n",
       "jetpull     -0.003374  0.000197  0.006534  1.000000    -0.001570  \n",
       "Abs_jetpull -0.026794 -0.018216 -0.011460 -0.001570     1.000000  "
      ]
     },
     "execution_count": 57,
     "metadata": {},
     "output_type": "execute_result"
    }
   ],
   "source": [
    "corrMat_test"
   ]
  },
  {
   "cell_type": "markdown",
   "metadata": {},
   "source": [
    "## Plot Data"
   ]
  },
  {
   "cell_type": "code",
   "execution_count": 58,
   "metadata": {},
   "outputs": [],
   "source": [
    "ind_train_sig=np.argwhere(data_train['labels'][:,1]==1)[:,0]\n",
    "ind_train_bkg=np.argwhere(data_train['labels'][:,0]==1)[:,0]\n",
    "ind_test_sig=np.argwhere(data_test['labels'][:,1]==1)[:,0]\n",
    "ind_test_bkg=np.argwhere(data_test['labels'][:,0]==1)[:,0]"
   ]
  },
  {
   "cell_type": "markdown",
   "metadata": {},
   "source": [
    "### JetImages"
   ]
  },
  {
   "cell_type": "code",
   "execution_count": 13,
   "metadata": {
    "scrolled": true
   },
   "outputs": [
    {
     "data": {
