{
 "cells": [
  {
   "cell_type": "code",
   "execution_count": 1,
   "metadata": {},
   "outputs": [],
   "source": [
    "# Import libraries\n",
    "import numpy as np\n",
    "import pandas as pd\n",
    "import matplotlib.pyplot as plt\n",
    "from matplotlib.colors import LogNorm"
   ]
  },
  {
   "cell_type": "markdown",
   "metadata": {},
   "source": [
    "## Global parameters"
   ]
  },
  {
   "cell_type": "code",
   "execution_count": 2,
   "metadata": {},
   "outputs": [],
   "source": [
    "# Transparency of Histograms\n",
    "transp = 0.5"
   ]
  },
  {
   "cell_type": "code",
   "execution_count": 3,
   "metadata": {},
   "outputs": [
    {
     "data": {
      "text/plain": [
       "<contextlib._GeneratorContextManager at 0x7fc9ccbb86d0>"
      ]
     },
     "execution_count": 3,
     "metadata": {},
     "output_type": "execute_result"
    }
   ],
   "source": [
    "# Set default options for paper\n",
    "params = {'legend.fontsize': 'x-large',\n",
    "         'axes.labelsize': 'x-large',\n",
    "         'axes.titlesize':'x-large',\n",
    "         'xtick.labelsize':'x-large',\n",
    "         'ytick.labelsize':'x-large',\n",
    "         'figure.facecolor':'white'}\n",
    "plt.rcParams.update(params)\n",
    "plt.style.context('default')"
   ]
  },
  {
   "cell_type": "code",
   "execution_count": 4,
   "metadata": {},
   "outputs": [],
   "source": [
    "feature_names=[r'jet $p_T$',\n",
    "               r'jet $\\eta$',\n",
    "               r'jet $\\phi$',\n",
    "               r'$\\tau_{21}$',\n",
    "               r'charge multiplicity',\n",
    "               r'neutral multiplicity',\n",
    "               r'photon multiplicity',\n",
    "               r'electron multiplicity',\n",
    "               r'muon multiplicity',\n",
    "               r'jet pull angle']"
   ]
  },
  {
   "cell_type": "markdown",
   "metadata": {},
   "source": [
    "## Define Functions"
   ]
  },
  {
   "cell_type": "code",
   "execution_count": 5,
   "metadata": {},
   "outputs": [],
   "source": [
    "def Draw_HistoGram(feat,bins):\n",
    "    ii = feat_all.index(feat)\n",
    "    fig, axs = plt.subplots(1, 2, tight_layout=True,figsize=(9,4.5))\n",
    "    axs[0].hist([data_train[feat][ind_train_sig], data_train[feat][ind_train_bkg]],\n",
    "                 bins=bins,\n",
    "                 histtype='step',\n",
    "                 fill=True,\n",
    "                 range=[0,1],\n",
    "                 alpha=transp);\n",
    "    axs[0].legend(labels=['QCD', \"ZZ\"]);\n",
    "    axs[0].grid()\n",
    "    axs[0].set_xlim(0,1)\n",
    "    axs[0].xaxis.set_ticks(np.arange(0, 1.2, 0.2))\n",
    "    axs[0].set_xlabel('Normalized ' + feature_names[ii])\n",
    "    axs[0].set_ylabel('Counts')\n",
    "    axs[0].set_title(feature_names[ii] + ' in Training Set');\n",
    "    \n",
    "    axs[1].hist([data_train[feat][ind_train_sig],data_train[feat][ind_train_bkg]],\n",
    "                bins=bins,\n",
    "                histtype='step',\n",
    "                fill=True,\n",
    "                range=[0,1],\n",
    "                alpha=transp);\n",
    "    axs[1].legend(labels=['QCD', \"ZZ\"]);\n",
    "    axs[1].grid()\n",
    "    axs[1].set_xlim(0,1)\n",
    "    axs[1].xaxis.set_ticks(np.arange(0, 1.2, 0.2))\n",
    "    axs[1].set_xlabel('Normalized ' + feature_names[ii])\n",
    "    axs[1].set_ylabel('Counts')\n",
    "    axs[1].set_title(feature_names[ii] +' in Test Set');\n",
    "    plt.savefig('plots/' + feat + '.png')"
   ]
  },
  {
   "cell_type": "markdown",
   "metadata": {},
   "source": [
    "## Import data:\n",
    "Using ShowJetsData_full.npz to build the CNN."
   ]
  },
  {
   "cell_type": "code",
   "execution_count": 6,
   "metadata": {},
   "outputs": [],
   "source": [
    "data = np.load('../data/ShowJetsData_full_flatter.npz')"
   ]
  },
  {
   "cell_type": "code",
   "execution_count": 7,
   "metadata": {},
   "outputs": [],
   "source": [
    "data_dic = {key : data[key]  for key in data.keys()}\n",
    "n_data = len(data_dic['labels'])\n",
    "\n",
    "# Sum all signal labels\n",
    "data_dic['labels'] = np.array([[ele[0],np.sum(ele[1:])] for ele in data_dic['labels']]).astype(int)"
   ]
  },
  {
   "cell_type": "code",
   "execution_count": 8,
   "metadata": {},
   "outputs": [],
   "source": [
    "# Save images dimensions\n",
    "grid = len(data_dic['jetImages'][0])"
   ]
  },
  {
   "cell_type": "markdown",
   "metadata": {},
   "source": [
    "## Balance and Normalize data and split into train and test"
   ]
  },
  {
   "cell_type": "markdown",
   "metadata": {},
   "source": [
    "Build list of signal and background indices, balance them, shuffle, split to train and test and combine back."
   ]
  },
  {
   "cell_type": "code",
   "execution_count": 9,
   "metadata": {},
   "outputs": [],
   "source": [
    "split = 0.9"
   ]
  },
  {
   "cell_type": "code",
   "execution_count": 10,
   "metadata": {},
   "outputs": [],
   "source": [
    "np.random.seed(1)\n",
    "\n",
    "# split signal and background indices\n",
    "ind_sig_inb = np.argwhere(data_dic['labels'][:,1] == 1)[:,0]\n",
    "ind_bkg = np.argwhere(data_dic['labels'][:,0] == 1)[:,0]\n",
    "\n",
    "# balance data such that we have equal numbers of signal vs background\n",
    "ind_sig = np.random.choice(ind_sig_inb,len(ind_bkg))\n",
    "\n",
    "# split into train and test indices\n",
    "cut = int(split*len(ind_bkg))\n",
    "ind_train = np.concatenate((ind_bkg[:cut],ind_sig[:cut]),axis=0)\n",
    "ind_test = np.concatenate((ind_bkg[cut:],ind_sig[cut:]),axis=0)\n",
    "\n",
    "# shuffle indices randomly\n",
    "np.random.shuffle(ind_train)\n",
    "np.random.shuffle(ind_test)"
   ]
  },
  {
   "cell_type": "code",
   "execution_count": 11,
   "metadata": {},
   "outputs": [
    {
     "name": "stdout",
     "output_type": "stream",
     "text": [
      "942402\n",
      "942402\n"
     ]
    }
   ],
   "source": [
    "print(len(ind_bkg))\n",
    "print(len(ind_sig))"
   ]
  },
  {
   "cell_type": "markdown",
   "metadata": {},
   "source": [
    "Build two dictionaries with train and test data."
   ]
  },
  {
   "cell_type": "code",
   "execution_count": 12,
   "metadata": {},
   "outputs": [],
   "source": [
    "data_train = {}\n",
    "data_test = {}\n",
    "for key in data_dic.keys():\n",
    "    sub_train = data_dic[key][ind_train]\n",
    "    sub_test = data_dic[key][ind_test]\n",
    "    if key == 'jetImages':\n",
    "        minn = np.min(np.concatenate((sub_train,sub_test),axis=0))\n",
    "        maxx = np.max(np.concatenate((sub_train,sub_test),axis=0))\n",
    "        data_train[key] = (sub_train-minn)/(maxx-minn)\n",
    "        data_test[key] = (sub_test-minn)/(maxx-minn)\n",
    "    else:\n",
    "        minn = np.min(np.concatenate((sub_train,sub_test),axis=0),axis=0)\n",
    "        maxx = np.max(np.concatenate((sub_train,sub_test),axis=0),axis=0)\n",
    "        data_train[key] = (sub_train-minn)/(maxx-minn)\n",
    "        data_test[key] = (sub_test-minn)/(maxx-minn)"
   ]
  },
  {
   "cell_type": "code",
   "execution_count": 13,
   "metadata": {},
   "outputs": [
    {
     "name": "stdout",
     "output_type": "stream",
     "text": [
      "1696322\n",
      "188482\n"
     ]
    }
   ],
   "source": [
    "n_train = len(data_train['jetPt'])\n",
    "print(n_train)\n",
    "n_test = len(data_test['jetPt'])\n",
    "print(n_test)"
   ]
  },
  {
   "cell_type": "markdown",
   "metadata": {},
   "source": [
    "## Correlation Matrix"
   ]
  },
  {
   "cell_type": "code",
   "execution_count": 14,
   "metadata": {},
   "outputs": [],
   "source": [
    "feat_all = [feat for feat in data_train.keys()]\n",
    "feat_all.remove('jetImages')\n",
    "feat_all.remove('labels')"
   ]
  },
  {
   "cell_type": "code",
   "execution_count": 15,
   "metadata": {},
   "outputs": [],
   "source": [
    "df_train = pd.DataFrame(data_train,columns=feat_all)\n",
    "df_test = pd.DataFrame(data_test,columns=feat_all)"
   ]
  },
  {
   "cell_type": "code",
   "execution_count": 16,
   "metadata": {},
   "outputs": [],
   "source": [
    "corrMat_train = df_train.corr()\n",
    "corrMat_test = df_test.corr()"
   ]
  },
  {
   "cell_type": "code",
   "execution_count": 17,
   "metadata": {},
   "outputs": [
    {
     "data": {
      "text/html": [
       "<div>\n",
       "<style scoped>\n",
       "    .dataframe tbody tr th:only-of-type {\n",
       "        vertical-align: middle;\n",
       "    }\n",
       "\n",
       "    .dataframe tbody tr th {\n",
       "        vertical-align: top;\n",
       "    }\n",
       "\n",
       "    .dataframe thead th {\n",
       "        text-align: right;\n",
       "    }\n",
       "</style>\n",
       "<table border=\"1\" class=\"dataframe\">\n",
       "  <thead>\n",
       "    <tr style=\"text-align: right;\">\n",
       "      <th></th>\n",
       "      <th>jetPt</th>\n",
       "      <th>jetEta</th>\n",
       "      <th>jetPhi</th>\n",
       "      <th>tau21</th>\n",
       "      <th>chMult</th>\n",
       "      <th>neutMult</th>\n",
       "      <th>phoMult</th>\n",
       "      <th>eleMult</th>\n",
       "      <th>muMult</th>\n",
       "      <th>jetpull</th>\n",
       "    </tr>\n",
       "  </thead>\n",
       "  <tbody>\n",
       "    <tr>\n",
       "      <th>jetPt</th>\n",
       "      <td>1.000000</td>\n",
       "      <td>0.000007</td>\n",
       "      <td>0.000119</td>\n",
       "      <td>-0.024973</td>\n",
       "      <td>0.274813</td>\n",
       "      <td>0.140966</td>\n",
       "      <td>0.355098</td>\n",
       "      <td>0.062893</td>\n",
       "      <td>-0.002453</td>\n",
       "      <td>0.001048</td>\n",
       "    </tr>\n",
       "    <tr>\n",
       "      <th>jetEta</th>\n",
       "      <td>0.000007</td>\n",
       "      <td>1.000000</td>\n",
       "      <td>0.001680</td>\n",
       "      <td>-0.000633</td>\n",
       "      <td>0.000705</td>\n",
       "      <td>0.001934</td>\n",
       "      <td>0.001807</td>\n",
       "      <td>-0.000421</td>\n",
       "      <td>0.000573</td>\n",
       "      <td>0.000105</td>\n",
       "    </tr>\n",
       "    <tr>\n",
       "      <th>jetPhi</th>\n",
       "      <td>0.000119</td>\n",
       "      <td>0.001680</td>\n",
       "      <td>1.000000</td>\n",
       "      <td>-0.001104</td>\n",
       "      <td>0.001638</td>\n",
       "      <td>-0.000025</td>\n",
       "      <td>0.000996</td>\n",
       "      <td>-0.000405</td>\n",
       "      <td>0.000007</td>\n",
       "      <td>0.000113</td>\n",
       "    </tr>\n",
       "    <tr>\n",
       "      <th>tau21</th>\n",
       "      <td>-0.024973</td>\n",
       "      <td>-0.000633</td>\n",
       "      <td>-0.001104</td>\n",
       "      <td>1.000000</td>\n",
       "      <td>0.010121</td>\n",
       "      <td>0.034631</td>\n",
       "      <td>-0.010019</td>\n",
       "      <td>-0.057806</td>\n",
       "      <td>-0.101709</td>\n",
       "      <td>-0.001445</td>\n",
       "    </tr>\n",
       "    <tr>\n",
       "      <th>chMult</th>\n",
       "      <td>0.274813</td>\n",
       "      <td>0.000705</td>\n",
       "      <td>0.001638</td>\n",
       "      <td>0.010121</td>\n",
       "      <td>1.000000</td>\n",
       "      <td>0.442066</td>\n",
       "      <td>0.706837</td>\n",
       "      <td>0.097208</td>\n",
       "      <td>0.012343</td>\n",
       "      <td>-0.000373</td>\n",
       "    </tr>\n",
       "    <tr>\n",
       "      <th>neutMult</th>\n",
       "      <td>0.140966</td>\n",
       "      <td>0.001934</td>\n",
       "      <td>-0.000025</td>\n",
       "      <td>0.034631</td>\n",
       "      <td>0.442066</td>\n",
       "      <td>1.000000</td>\n",
       "      <td>0.368182</td>\n",
       "      <td>0.041378</td>\n",
       "      <td>-0.007560</td>\n",
       "      <td>-0.000242</td>\n",
       "    </tr>\n",
       "    <tr>\n",
       "      <th>phoMult</th>\n",
       "      <td>0.355098</td>\n",
       "      <td>0.001807</td>\n",
       "      <td>0.000996</td>\n",
       "      <td>-0.010019</td>\n",
       "      <td>0.706837</td>\n",
       "      <td>0.368182</td>\n",
       "      <td>1.000000</td>\n",
       "      <td>0.108504</td>\n",
       "      <td>-0.005285</td>\n",
       "      <td>-0.002084</td>\n",
       "    </tr>\n",
       "    <tr>\n",
       "      <th>eleMult</th>\n",
       "      <td>0.062893</td>\n",
       "      <td>-0.000421</td>\n",
       "      <td>-0.000405</td>\n",
       "      <td>-0.057806</td>\n",
       "      <td>0.097208</td>\n",
       "      <td>0.041378</td>\n",
       "      <td>0.108504</td>\n",
       "      <td>1.000000</td>\n",
       "      <td>0.057572</td>\n",
       "      <td>-0.000638</td>\n",
       "    </tr>\n",
       "    <tr>\n",
       "      <th>muMult</th>\n",
       "      <td>-0.002453</td>\n",
       "      <td>0.000573</td>\n",
       "      <td>0.000007</td>\n",
       "      <td>-0.101709</td>\n",
       "      <td>0.012343</td>\n",
       "      <td>-0.007560</td>\n",
       "      <td>-0.005285</td>\n",
       "      <td>0.057572</td>\n",
       "      <td>1.000000</td>\n",
       "      <td>0.000319</td>\n",
       "    </tr>\n",
       "    <tr>\n",
       "      <th>jetpull</th>\n",
       "      <td>0.001048</td>\n",
       "      <td>0.000105</td>\n",
       "      <td>0.000113</td>\n",
       "      <td>-0.001445</td>\n",
       "      <td>-0.000373</td>\n",
       "      <td>-0.000242</td>\n",
       "      <td>-0.002084</td>\n",
       "      <td>-0.000638</td>\n",
       "      <td>0.000319</td>\n",
       "      <td>1.000000</td>\n",
       "    </tr>\n",
       "  </tbody>\n",
       "</table>\n",
       "</div>"
      ],
      "text/plain": [
       "             jetPt    jetEta    jetPhi     tau21    chMult  neutMult  \\\n",
       "jetPt     1.000000  0.000007  0.000119 -0.024973  0.274813  0.140966   \n",
       "jetEta    0.000007  1.000000  0.001680 -0.000633  0.000705  0.001934   \n",
       "jetPhi    0.000119  0.001680  1.000000 -0.001104  0.001638 -0.000025   \n",
       "tau21    -0.024973 -0.000633 -0.001104  1.000000  0.010121  0.034631   \n",
       "chMult    0.274813  0.000705  0.001638  0.010121  1.000000  0.442066   \n",
       "neutMult  0.140966  0.001934 -0.000025  0.034631  0.442066  1.000000   \n",
       "phoMult   0.355098  0.001807  0.000996 -0.010019  0.706837  0.368182   \n",
       "eleMult   0.062893 -0.000421 -0.000405 -0.057806  0.097208  0.041378   \n",
       "muMult   -0.002453  0.000573  0.000007 -0.101709  0.012343 -0.007560   \n",
       "jetpull   0.001048  0.000105  0.000113 -0.001445 -0.000373 -0.000242   \n",
       "\n",
       "           phoMult   eleMult    muMult   jetpull  \n",
       "jetPt     0.355098  0.062893 -0.002453  0.001048  \n",
       "jetEta    0.001807 -0.000421  0.000573  0.000105  \n",
       "jetPhi    0.000996 -0.000405  0.000007  0.000113  \n",
       "tau21    -0.010019 -0.057806 -0.101709 -0.001445  \n",
       "chMult    0.706837  0.097208  0.012343 -0.000373  \n",
       "neutMult  0.368182  0.041378 -0.007560 -0.000242  \n",
       "phoMult   1.000000  0.108504 -0.005285 -0.002084  \n",
       "eleMult   0.108504  1.000000  0.057572 -0.000638  \n",
       "muMult   -0.005285  0.057572  1.000000  0.000319  \n",
       "jetpull  -0.002084 -0.000638  0.000319  1.000000  "
      ]
     },
     "execution_count": 17,
     "metadata": {},
     "output_type": "execute_result"
    }
   ],
   "source": [
    "corrMat_train"
   ]
  },
  {
   "cell_type": "code",
   "execution_count": 18,
   "metadata": {},
   "outputs": [
    {
     "data": {
      "text/html": [
       "<div>\n",
       "<style scoped>\n",
       "    .dataframe tbody tr th:only-of-type {\n",
       "        vertical-align: middle;\n",
       "    }\n",
       "\n",
       "    .dataframe tbody tr th {\n",
       "        vertical-align: top;\n",
       "    }\n",
       "\n",
       "    .dataframe thead th {\n",
       "        text-align: right;\n",
       "    }\n",
       "</style>\n",
       "<table border=\"1\" class=\"dataframe\">\n",
       "  <thead>\n",
       "    <tr style=\"text-align: right;\">\n",
       "      <th></th>\n",
       "      <th>jetPt</th>\n",
       "      <th>jetEta</th>\n",
       "      <th>jetPhi</th>\n",
       "      <th>tau21</th>\n",
       "      <th>chMult</th>\n",
       "      <th>neutMult</th>\n",
       "      <th>phoMult</th>\n",
       "      <th>eleMult</th>\n",
       "      <th>muMult</th>\n",
       "      <th>jetpull</th>\n",
       "    </tr>\n",
       "  </thead>\n",
       "  <tbody>\n",
       "    <tr>\n",
       "      <th>jetPt</th>\n",
       "      <td>1.000000</td>\n",
       "      <td>0.001108</td>\n",
       "      <td>-0.000089</td>\n",
       "      <td>-0.024111</td>\n",
       "      <td>0.276752</td>\n",
       "      <td>0.140829</td>\n",
       "      <td>0.355772</td>\n",
       "      <td>0.063176</td>\n",
       "      <td>-0.002995</td>\n",
       "      <td>-0.002433</td>\n",
       "    </tr>\n",
       "    <tr>\n",
       "      <th>jetEta</th>\n",
       "      <td>0.001108</td>\n",
       "      <td>1.000000</td>\n",
       "      <td>-0.000837</td>\n",
       "      <td>0.000939</td>\n",
       "      <td>0.001030</td>\n",
       "      <td>-0.000530</td>\n",
       "      <td>0.000969</td>\n",
       "      <td>-0.002217</td>\n",
       "      <td>-0.000482</td>\n",
       "      <td>0.000272</td>\n",
       "    </tr>\n",
       "    <tr>\n",
       "      <th>jetPhi</th>\n",
       "      <td>-0.000089</td>\n",
       "      <td>-0.000837</td>\n",
       "      <td>1.000000</td>\n",
       "      <td>-0.002372</td>\n",
       "      <td>0.000498</td>\n",
       "      <td>0.003295</td>\n",
       "      <td>-0.001978</td>\n",
       "      <td>-0.001357</td>\n",
       "      <td>0.004195</td>\n",
       "      <td>0.005325</td>\n",
       "    </tr>\n",
       "    <tr>\n",
       "      <th>tau21</th>\n",
       "      <td>-0.024111</td>\n",
       "      <td>0.000939</td>\n",
       "      <td>-0.002372</td>\n",
       "      <td>1.000000</td>\n",
       "      <td>0.010777</td>\n",
       "      <td>0.031834</td>\n",
       "      <td>-0.009941</td>\n",
       "      <td>-0.055273</td>\n",
       "      <td>-0.104238</td>\n",
       "      <td>-0.001114</td>\n",
       "    </tr>\n",
       "    <tr>\n",
       "      <th>chMult</th>\n",
       "      <td>0.276752</td>\n",
       "      <td>0.001030</td>\n",
       "      <td>0.000498</td>\n",
       "      <td>0.010777</td>\n",
       "      <td>1.000000</td>\n",
       "      <td>0.443300</td>\n",
       "      <td>0.708743</td>\n",
       "      <td>0.100715</td>\n",
       "      <td>0.010941</td>\n",
       "      <td>-0.002055</td>\n",
       "    </tr>\n",
       "    <tr>\n",
       "      <th>neutMult</th>\n",
       "      <td>0.140829</td>\n",
       "      <td>-0.000530</td>\n",
       "      <td>0.003295</td>\n",
       "      <td>0.031834</td>\n",
       "      <td>0.443300</td>\n",
       "      <td>1.000000</td>\n",
       "      <td>0.369166</td>\n",
       "      <td>0.042236</td>\n",
       "      <td>-0.011217</td>\n",
       "      <td>-0.000227</td>\n",
       "    </tr>\n",
       "    <tr>\n",
       "      <th>phoMult</th>\n",
       "      <td>0.355772</td>\n",
       "      <td>0.000969</td>\n",
       "      <td>-0.001978</td>\n",
       "      <td>-0.009941</td>\n",
       "      <td>0.708743</td>\n",
       "      <td>0.369166</td>\n",
       "      <td>1.000000</td>\n",
       "      <td>0.110279</td>\n",
       "      <td>-0.006482</td>\n",
       "      <td>-0.000466</td>\n",
       "    </tr>\n",
       "    <tr>\n",
       "      <th>eleMult</th>\n",
       "      <td>0.063176</td>\n",
       "      <td>-0.002217</td>\n",
       "      <td>-0.001357</td>\n",
       "      <td>-0.055273</td>\n",
       "      <td>0.100715</td>\n",
       "      <td>0.042236</td>\n",
       "      <td>0.110279</td>\n",
       "      <td>1.000000</td>\n",
       "      <td>0.054676</td>\n",
       "      <td>-0.002638</td>\n",
       "    </tr>\n",
       "    <tr>\n",
       "      <th>muMult</th>\n",
       "      <td>-0.002995</td>\n",
       "      <td>-0.000482</td>\n",
       "      <td>0.004195</td>\n",
       "      <td>-0.104238</td>\n",
       "      <td>0.010941</td>\n",
       "      <td>-0.011217</td>\n",
       "      <td>-0.006482</td>\n",
       "      <td>0.054676</td>\n",
       "      <td>1.000000</td>\n",
       "      <td>-0.001057</td>\n",
       "    </tr>\n",
       "    <tr>\n",
       "      <th>jetpull</th>\n",
       "      <td>-0.002433</td>\n",
       "      <td>0.000272</td>\n",
       "      <td>0.005325</td>\n",
       "      <td>-0.001114</td>\n",
       "      <td>-0.002055</td>\n",
       "      <td>-0.000227</td>\n",
       "      <td>-0.000466</td>\n",
       "      <td>-0.002638</td>\n",
       "      <td>-0.001057</td>\n",
       "      <td>1.000000</td>\n",
       "    </tr>\n",
       "  </tbody>\n",
       "</table>\n",
       "</div>"
      ],
      "text/plain": [
       "             jetPt    jetEta    jetPhi     tau21    chMult  neutMult  \\\n",
       "jetPt     1.000000  0.001108 -0.000089 -0.024111  0.276752  0.140829   \n",
       "jetEta    0.001108  1.000000 -0.000837  0.000939  0.001030 -0.000530   \n",
       "jetPhi   -0.000089 -0.000837  1.000000 -0.002372  0.000498  0.003295   \n",
       "tau21    -0.024111  0.000939 -0.002372  1.000000  0.010777  0.031834   \n",
       "chMult    0.276752  0.001030  0.000498  0.010777  1.000000  0.443300   \n",
       "neutMult  0.140829 -0.000530  0.003295  0.031834  0.443300  1.000000   \n",
       "phoMult   0.355772  0.000969 -0.001978 -0.009941  0.708743  0.369166   \n",
       "eleMult   0.063176 -0.002217 -0.001357 -0.055273  0.100715  0.042236   \n",
       "muMult   -0.002995 -0.000482  0.004195 -0.104238  0.010941 -0.011217   \n",
       "jetpull  -0.002433  0.000272  0.005325 -0.001114 -0.002055 -0.000227   \n",
       "\n",
       "           phoMult   eleMult    muMult   jetpull  \n",
       "jetPt     0.355772  0.063176 -0.002995 -0.002433  \n",
       "jetEta    0.000969 -0.002217 -0.000482  0.000272  \n",
       "jetPhi   -0.001978 -0.001357  0.004195  0.005325  \n",
       "tau21    -0.009941 -0.055273 -0.104238 -0.001114  \n",
       "chMult    0.708743  0.100715  0.010941 -0.002055  \n",
       "neutMult  0.369166  0.042236 -0.011217 -0.000227  \n",
       "phoMult   1.000000  0.110279 -0.006482 -0.000466  \n",
       "eleMult   0.110279  1.000000  0.054676 -0.002638  \n",
       "muMult   -0.006482  0.054676  1.000000 -0.001057  \n",
       "jetpull  -0.000466 -0.002638 -0.001057  1.000000  "
      ]
     },
     "execution_count": 18,
     "metadata": {},
     "output_type": "execute_result"
    }
   ],
   "source": [
    "corrMat_test"
   ]
  },
  {
   "cell_type": "markdown",
   "metadata": {},
   "source": [
    "## Plot Data"
   ]
  },
  {
   "cell_type": "code",
   "execution_count": 19,
   "metadata": {},
   "outputs": [],
   "source": [
    "ind_train_sig = np.argwhere(data_train['labels'][:,1]==1)[:,0]\n",
    "ind_train_bkg = np.argwhere(data_train['labels'][:,0]==1)[:,0]\n",
    "ind_test_sig = np.argwhere(data_test['labels'][:,1]==1)[:,0]\n",
    "ind_test_bkg = np.argwhere(data_test['labels'][:,0]==1)[:,0]"
   ]
  },
  {
   "cell_type": "markdown",
   "metadata": {},
   "source": [
    "### JetImages"
   ]
  },
  {
   "cell_type": "code",
   "execution_count": 20,
   "metadata": {
    "scrolled": false
   },
   "outputs": [
    {
     "data": {
